_viz_net_graph = nengo_gui.components.NetGraph()
_viz_progress = nengo_gui.components.Progress()
_viz_config[_viz_progress].x = 0
_viz_config[_viz_progress].y = 0
_viz_config[_viz_progress].width = 100
_viz_config[_viz_progress].height = 100
_viz_config[_viz_progress].label_visible = True
_viz_sim_control = nengo_gui.components.SimControl()
_viz_config[_viz_sim_control].shown_time = 0.5
_viz_config[_viz_sim_control].kept_time = 4.0
_viz_config[bg].pos=(0.5889122727635768, 0.6232247969132122)
_viz_config[bg].size=(0.22859054392027114, 0.5576604478054967)
_viz_config[bg].expanded=True
_viz_config[bg].has_layout=True
_viz_config[bg.gpe].pos=(0.4006622516556292, 0.6159420289855073)
_viz_config[bg.gpe].size=(0.06622516556291391, 0.14492753623188406)
_viz_config[bg.gpe].expanded=False
_viz_config[bg.gpe].has_layout=False
_viz_config[bg.gpi].pos=(0.7980132450331127, 0.5579710144927537)
_viz_config[bg.gpi].size=(0.06622516556291391, 0.14492753623188406)
_viz_config[bg.gpi].expanded=False
_viz_config[bg.gpi].has_layout=False
_viz_config[bg.input].pos=(0.04304635761589404, 0.5579710144927537)
_viz_config[bg.input].size=(0.026490066225165563, 0.028985507246376812)
_viz_config[bg.output].pos=(0.9569536423841061, 0.5579710144927537)
_viz_config[bg.output].size=(0.026490066225165563, 0.028985507246376812)
_viz_config[bg.stn].pos=(0.5993377483443708, 0.818840579710145)
_viz_config[bg.stn].size=(0.06622516556291391, 0.14492753623188406)
_viz_config[bg.stn].expanded=False
_viz_config[bg.stn].has_layout=False
_viz_config[bg.strD1].pos=(0.20198675496688742, 0.18115942028985507)
_viz_config[bg.strD1].size=(0.06622516556291391, 0.14492753623188406)
_viz_config[bg.strD1].expanded=False
_viz_config[bg.strD1].has_layout=False
_viz_config[bg.strD2].pos=(0.20198675496688742, 0.6159420289855073)
_viz_config[bg.strD2].size=(0.06622516556291391, 0.14492753623188406)
_viz_config[bg.strD2].expanded=False
_viz_config[bg.strD2].has_layout=False
_viz_config[model].pos=(1.7870130881475448, 1.361107128932347)
_viz_config[model].size=(0.23716313079784038, 0.23716313079784038)
_viz_config[model].expanded=True
_viz_config[model].has_layout=True
_viz_config[q_node].pos=(1.823301209933041, 1.2366512894992585)
_viz_config[q_node].size=(0.09143621756810846, 0.11153208956109935)
_viz_config[reward].pos=(0.7032075447237124, 1.5991305805728313)
_viz_config[reward].size=(0.7807246269276954, 0.11153208956109936)
_viz_config[sensor].pos=(-0.41688612048561635, 0.6232247969132122)
_viz_config[sensor].size=(0.09143621756810846, 0.11153208956109935)
_viz_config[sensor_net].pos=(0.017435912962898814, 0.6232247969132122)
_viz_config[sensor_net].size=(0.11429527196013557, 0.13941511195137418)
_viz_config[step_node].pos=(1.823301209933041, 0.009798304327165774)
_viz_config[step_node].size=(0.09143621756810846, 0.11153208956109935)
_viz_config[thal].pos=(1.27468390452439, 0.009798304327165774)
_viz_config[thal].size=(0.22859054392027114, 0.5576604478054967)
_viz_config[thal].expanded=True
_viz_config[thal].has_layout=True
_viz_config[thal.actions].pos=(0.7093023255813954, 0.5)
_viz_config[thal.actions].size=(0.23255813953488372, 0.4)
_viz_config[thal.actions].expanded=False
_viz_config[thal.actions].has_layout=False
_viz_config[thal.bias].pos=(0.1511627906976744, 0.5)
_viz_config[thal.bias].size=(0.09302325581395349, 0.08)